0.0165921, 0
1, 0

0.0264038, 0.00293724
0.999999, 0.00106468

0.0345117, 0.00570882
0.999998, 0.00212936

0.0416853, 0.00833053
0.999995, 0.00319403

0.0482389, 0.0108299
0.999991, 0.00425871

0.0543394, 0.0132282
0.999986, 0.00532337

0.0600886, 0.0155413
0.99998, 0.00638804

0.065554, 0.0177812
0.999972, 0.00745269

0.0707836, 0.0199573
0.999964, 0.00851734

0.0758128, 0.0220769
0.999954, 0.00958197

0.0806687, 0.0241461
0.999943, 0.0106466

0.0853726, 0.0261698
0.999931, 0.0117112

0.0899417, 0.0281522
0.999918, 0.0127758

0.0943899, 0.0300969
0.999904, 0.0138404

0.0987291, 0.0320067
0.999889, 0.014905

0.102969, 0.0338844
0.999872, 0.0159695

0.107118, 0.0357322
0.999855, 0.0170341

0.111184, 0.0375522
0.999836, 0.0180986

0.115172, 0.039346
0.999816, 0.0191631

0.119089, 0.0411153
0.999795, 0.0202275

0.122938, 0.0428616
0.999773, 0.021292

0.126726, 0.044586
0.99975, 0.0223564

0.130454, 0.0462898
0.999726, 0.0234208

0.134127, 0.047974
0.9997, 0.0244852

0.137749, 0.0496395
0.999674, 0.0255495

0.14132, 0.0512873
0.999646, 0.0266139

0.144846, 0.0529181
0.999617, 0.0276781

0.148327, 0.0545328
0.999587, 0.0287424

0.151765, 0.0561319
0.999556, 0.0298066

0.155164, 0.0577162
0.999523, 0.0308708

0.158524, 0.0592862
0.99949, 0.031935

0.161847, 0.0608424
0.999455, 0.0329991

0.165136, 0.0623854
0.99942, 0.0340632

0.16839, 0.0639157
0.999383, 0.0351272

0.171613, 0.0654337
0.999345, 0.0361912

0.174804, 0.0669399
0.999306, 0.0372552

0.177965, 0.0684346
0.999266, 0.0383191

0.181098, 0.0699182
0.999224, 0.039383

0.184203, 0.0713911
0.999182, 0.0404468

0.187281, 0.0728536
0.999138, 0.0415106

0.190333, 0.074306
0.999093, 0.0425743

0.19336, 0.0757486
0.999047, 0.043638

0.196363, 0.0771818
0.999, 0.0447017

0.199342, 0.0786057
0.998952, 0.0457652

0.202299, 0.0800206
0.998903, 0.0468288

0.205233, 0.0814269
0.998853, 0.0478923

0.208147, 0.0828246
0.998801, 0.0489557

0.211039, 0.084214
0.998748, 0.0500191

0.213911, 0.0855954
0.998694, 0.0510824

0.216764, 0.086969
0.998639, 0.0521457

0.219598, 0.0883349
0.998583, 0.0532089

0.222413, 0.0896933
0.998526, 0.054272

0.22521, 0.0910444
0.998468, 0.0553351

0.227989, 0.0923883
0.998408, 0.0563981

0.230751, 0.0937253
0.998348, 0.0574611

0.233497, 0.0950555
0.998286, 0.0585239

0.236226, 0.096379
0.998223, 0.0595868

0.238939, 0.0976961
0.998159, 0.0606495

0.241637, 0.0990067
0.998094, 0.0617122

0.244319, 0.100311
0.998028, 0.0627748

0.246987, 0.101609
0.99796, 0.0638374

0.24964, 0.102902
0.997892, 0.0648998

0.252279, 0.104188
0.997822, 0.0659622

0.254903, 0.105469
0.997751, 0.0670246

0.257515, 0.106744
0.997679, 0.0680868

0.260113, 0.108013
0.997606, 0.069149

0.262698, 0.109277
0.997532, 0.0702111

0.26527, 0.110536
0.997457, 0.0712731

0.26783, 0.11179
0.99738, 0.072335

0.270377, 0.113038
0.997303, 0.0733969

0.272912, 0.114281
0.997224, 0.0744586

0.275436, 0.11552
0.997144, 0.0755203

0.277948, 0.116753
0.997063, 0.0765819

0.280448, 0.117982
0.996981, 0.0776434

0.282938, 0.119206
0.996898, 0.0787048

0.285416, 0.120425
0.996814, 0.0797662

0.287884, 0.12164
0.996728, 0.0808274

0.290341, 0.122851
0.996641, 0.0818886

0.292788, 0.124057
0.996554, 0.0829496

0.295225, 0.125258
0.996465, 0.0840106

0.297651, 0.126456
0.996375, 0.0850715

0.300068, 0.127649
0.996284, 0.0861322

0.302475, 0.128838
0.996191, 0.0871929

0.304873, 0.130023
0.996098, 0.0882535

0.307261, 0.131204
0.996004, 0.0893139

0.30964, 0.132381
0.995908, 0.0903743

0.31201, 0.133554
0.995811, 0.0914346

0.314371, 0.134723
0.995713, 0.0924948

0.316723, 0.135889
0.995614, 0.0935548

0.319067, 0.137051
0.995514, 0.0946148

0.321402, 0.138209
0.995413, 0.0956746

0.323728, 0.139363
0.99531, 0.0967344

0.326047, 0.140514
0.995207, 0.097794

0.328357, 0.141662
0.995102, 0.0988535

0.330659, 0.142805
0.994996, 0.0999129

0.332953, 0.143946
0.994889, 0.100972

0.33524, 0.145083
0.994781, 0.102031

0.337518, 0.146217
0.994672, 0.10309

0.33979, 0.147347
0.994562, 0.104149

0.342053, 0.148474
0.99445, 0.105208

0.34431, 0.149598
0.994338, 0.106267

0.346559, 0.150719
0.994224, 0.107326

0.348801, 0.151837
0.994109, 0.108384

0.351035, 0.152951
0.993993, 0.109442

0.353263, 0.154063
0.993876, 0.110501

0.355484, 0.155171
0.993758, 0.111559

0.357698, 0.156277
0.993639, 0.112617

0.359906, 0.157379
0.993518, 0.113675

0.362107, 0.158479
0.993396, 0.114732

0.364301, 0.159576
0.993274, 0.11579

0.366489, 0.16067
0.99315, 0.116847

0.36867, 0.161761
0.993025, 0.117905

0.370845, 0.162849
0.992899, 0.118962

0.373014, 0.163934
0.992772, 0.120019

0.375177, 0.165017
0.992643, 0.121076

0.377333, 0.166097
0.992514, 0.122133

0.379484, 0.167175
0.992383, 0.123189

0.381629, 0.16825
0.992251, 0.124246

0.383767, 0.169322
0.992119, 0.125302

0.3859, 0.170392
0.991985, 0.126358

0.388028, 0.171459
0.99185, 0.127414

0.390149, 0.172523
0.991713, 0.12847

0.392265, 0.173585
0.991576, 0.129526

0.394376, 0.174645
0.991438, 0.130582

0.396481, 0.175702
0.991298, 0.131637

0.39858, 0.176757
0.991157, 0.132692

0.400675, 0.177809
0.991015, 0.133748

0.402763, 0.178859
0.990872, 0.134803

0.404847, 0.179907
0.990728, 0.135858

0.406926, 0.180952
0.990583, 0.136912

0.408999, 0.181995
0.990437, 0.137967

0.411067, 0.183036
0.990289, 0.139021

0.413131, 0.184074
0.990141, 0.140076

0.415189, 0.18511
0.989991, 0.14113

0.417242, 0.186144
0.98984, 0.142184

0.419291, 0.187176
0.989688, 0.143237

0.421334, 0.188206
0.989535, 0.144291

0.423373, 0.189233
0.989381, 0.145344

0.425408, 0.190259
0.989226, 0.146398

0.427437, 0.191282
0.989069, 0.147451

0.429462, 0.192303
0.988912, 0.148504

0.431482, 0.193322
0.988753, 0.149557

0.433498, 0.194339
0.988593, 0.150609

0.435509, 0.195354
0.988432, 0.151662

0.437516, 0.196367
0.98827, 0.152714

0.439518, 0.197378
0.988107, 0.153766

0.441517, 0.198387
0.987943, 0.154818

0.44351, 0.199394
0.987778, 0.15587

0.4455, 0.200399
0.987611, 0.156921

0.447485, 0.201402
0.987443, 0.157973

0.449466, 0.202403
0.987275, 0.159024

0.451443, 0.203402
0.987105, 0.160075

0.453415, 0.2044
0.986934, 0.161126

0.455384, 0.205395
0.986762, 0.162177

0.457349, 0.206389
0.986589, 0.163227

0.459309, 0.207381
0.986414, 0.164277

0.461266, 0.208371
0.986239, 0.165328

0.463218, 0.209359
0.986062, 0.166377

0.465167, 0.210346
0.985884, 0.167427

0.467112, 0.21133
0.985706, 0.168477

0.469053, 0.212313
0.985526, 0.169526

0.47099, 0.213294
0.985345, 0.170575

0.472924, 0.214274
0.985162, 0.171624

0.474853, 0.215251
0.984979, 0.172673

0.476779, 0.216227
0.984795, 0.173722

0.478702, 0.217202
0.984609, 0.17477

0.48062, 0.218174
0.984423, 0.175818

0.482535, 0.219145
0.984235, 0.176866

0.484447, 0.220114
0.984046, 0.177914

0.486355, 0.221082
0.983856, 0.178962

0.488259, 0.222048
0.983665, 0.180009

0.49016, 0.223012
0.983473, 0.181056

0.492057, 0.223975
0.983279, 0.182103

0.493951, 0.224936
0.983085, 0.18315

0.495842, 0.225896
0.982889, 0.184197

0.497729, 0.226854
0.982693, 0.185243

0.499613, 0.22781
0.982495, 0.186289

0.501493, 0.228765
0.982296, 0.187335

0.503371, 0.229718
0.982096, 0.188381

0.505245, 0.23067
0.981895, 0.189426

0.507115, 0.231621
0.981693, 0.190471

0.508983, 0.232569
0.981489, 0.191517

0.510847, 0.233517
0.981285, 0.192561

0.512708, 0.234463
0.981079, 0.193606

0.514566, 0.235407
0.980873, 0.19465

0.516421, 0.23635
0.980665, 0.195695

0.518272, 0.237291
0.980456, 0.196739

0.520121, 0.238231
0.980246, 0.197782

0.521967, 0.23917
0.980035, 0.198826

0.523809, 0.240107
0.979823, 0.199869

0.525649, 0.241043
0.979609, 0.200912

0.527485, 0.241977
0.979395, 0.201955

0.529319, 0.24291
0.979179, 0.202998

0.531149, 0.243841
0.978962, 0.20404

0.532977, 0.244772
0.978745, 0.205082

0.534802, 0.2457
0.978526, 0.206124

0.536624, 0.246628
0.978306, 0.207166

0.538443, 0.247554
0.978085, 0.208208

0.540259, 0.248479
0.977862, 0.209249

0.542073, 0.249402
0.977639, 0.21029

0.543884, 0.250324
0.977415, 0.21133

0.545691, 0.251245
0.977189, 0.212371

0.547497, 0.252164
0.976962, 0.213411

0.549299, 0.253082
0.976735, 0.214451

0.551099, 0.253999
0.976506, 0.215491

0.552896, 0.254915
0.976276, 0.216531

0.55469, 0.255829
0.976045, 0.21757

0.556482, 0.256742
0.975813, 0.218609

0.558271, 0.257654
0.975579, 0.219648

0.560057, 0.258565
0.975345, 0.220686

0.561841, 0.259474
0.975109, 0.221725

0.563622, 0.260382
0.974873, 0.222763

0.565401, 0.261289
0.974635, 0.223801

0.567177, 0.262194
0.974396, 0.224838

0.568951, 0.263099
0.974156, 0.225875

0.570722, 0.264002
0.973915, 0.226912

0.57249, 0.264904
0.973673, 0.227949

0.574257, 0.265805
0.97343, 0.228986

0.57602, 0.266704
0.973185, 0.230022

0.577781, 0.267603
0.97294, 0.231058

0.57954, 0.2685
0.972693, 0.232094

0.581297, 0.269396
0.972446, 0.233129

0.583051, 0.270291
0.972197, 0.234164

0.584802, 0.271185
0.971947, 0.235199

0.586552, 0.272077
0.971696, 0.236234

0.588299, 0.272969
0.971444, 0.237268

0.590043, 0.273859
0.971191, 0.238303

0.591785, 0.274749
0.970937, 0.239336

0.593525, 0.275637
0.970681, 0.24037

0.595263, 0.276524
0.970425, 0.241403

0.596999, 0.27741
0.970167, 0.242436

0.598732, 0.278294
0.969909, 0.243469

0.600463, 0.279178
0.969649, 0.244502

0.602192, 0.280061
0.969388, 0.245534

0.603918, 0.280942
0.969126, 0.246566

0.605642, 0.281823
0.968863, 0.247598

0.607365, 0.282702
0.968599, 0.248629

0.609085, 0.28358
0.968334, 0.24966

0.610802, 0.284458
0.968067, 0.250691

0.612518, 0.285334
0.9678, 0.251721

0.614232, 0.286209
0.967531, 0.252752

0.615943, 0.287083
0.967262, 0.253782

0.617653, 0.287956
0.966991, 0.254811

0.61936, 0.288828
0.966719, 0.255841

0.621065, 0.289699
0.966446, 0.25687

0.622768, 0.290569
0.966172, 0.257899

0.62447, 0.291438
0.965897, 0.258927

0.626169, 0.292306
0.965621, 0.259955

0.627866, 0.293173
0.965343, 0.260983

0.629561, 0.294039
0.965065, 0.262011

0.631254, 0.294904
0.964785, 0.263038

0.632945, 0.295768
0.964505, 0.264065

0.634635, 0.296631
0.964223, 0.265092

0.636322, 0.297493
0.96394, 0.266118

0.638007, 0.298354
0.963656, 0.267145

0.639691, 0.299214
0.963371, 0.26817

0.641372, 0.300074
0.963085, 0.269196

0.643052, 0.300932
0.962798, 0.270221

0.644729, 0.301789
0.96251, 0.271246

0.646405, 0.302645
0.962221, 0.272271

0.648079, 0.3035
0.96193, 0.273295

0.649751, 0.304355
0.961639, 0.274319

0.651422, 0.305208
0.961346, 0.275343

0.65309, 0.306061
0.961052, 0.276366

0.654757, 0.306912
0.960758, 0.277389

0.656422, 0.307763
0.960462, 0.278412

0.658085, 0.308612
0.960165, 0.279434

0.659746, 0.309461
0.959867, 0.280456

0.661406, 0.310309
0.959568, 0.281478

0.663064, 0.311156
0.959267, 0.2825

0.66472, 0.312002
0.958966, 0.283521

0.666374, 0.312847
0.958664, 0.284542

0.668027, 0.313692
0.95836, 0.285562

0.669678, 0.314535
0.958056, 0.286582

0.671327, 0.315377
0.95775, 0.287602

0.672974, 0.316219
0.957443, 0.288622

0.67462, 0.31706
0.957135, 0.289641

0.676265, 0.3179
0.956826, 0.29066

0.677907, 0.318739
0.956516, 0.291678

0.679548, 0.319577
0.956205, 0.292697

0.681187, 0.320414
0.955893, 0.293714

0.682825, 0.32125
0.95558, 0.294732

0.684461, 0.322086
0.955266, 0.295749

0.686096, 0.322921
0.95495, 0.296766

0.687729, 0.323754
0.954634, 0.297783

0.68936, 0.324587
0.954316, 0.298799

0.69099, 0.32542
0.953997, 0.299815

0.692618, 0.326251
0.953678, 0.30083

0.694245, 0.327081
0.953357, 0.301845

0.69587, 0.327911
0.953035, 0.30286

0.697494, 0.32874
0.952712, 0.303875

0.699116, 0.329568
0.952388, 0.304889

0.700737, 0.330395
0.952063, 0.305903

0.702356, 0.331221
0.951737, 0.306916

0.703974, 0.332047
0.951409, 0.307929

0.70559, 0.332871
0.951081, 0.308942

0.707205, 0.333695
0.950751, 0.309955

0.708819, 0.334518
0.950421, 0.310967

0.710431, 0.335341
0.950089, 0.311978

0.712041, 0.336162
0.949757, 0.31299

0.713651, 0.336983
0.949423, 0.314001

0.715258, 0.337803
0.949088, 0.315011

0.716865, 0.338622
0.948752, 0.316022

0.71847, 0.33944
0.948415, 0.317032

0.720074, 0.340258
0.948077, 0.318041

0.721676, 0.341075
0.947738, 0.31905

0.723277, 0.341891
0.947398, 0.320059

0.724877, 0.342706
0.947056, 0.321068

0.726476, 0.34352
0.946714, 0.322076

0.728073, 0.344334
0.94637, 0.323084

0.729669, 0.345147
0.946026, 0.324091

0.731263, 0.345959
0.94568, 0.325098

0.732857, 0.34677
0.945334, 0.326105

0.734449, 0.347581
0.944986, 0.327111

0.73604, 0.348391
0.944637, 0.328117

0.73763, 0.3492
0.944287, 0.329123

0.739218, 0.350008
0.943936, 0.330128

0.740805, 0.350816
0.943584, 0.331133

0.742392, 0.351623
0.943231, 0.332137

0.743977, 0.352429
0.942877, 0.333141

0.74556, 0.353234
0.942522, 0.334145

0.747143, 0.354039
0.942166, 0.335148

0.748725, 0.354842
0.941808, 0.336151

0.750305, 0.355646
0.94145, 0.337153

0.751884, 0.356448
0.94109, 0.338156

0.753463, 0.35725
0.94073, 0.339157

0.75504, 0.358051
0.940368, 0.340159

0.756616, 0.358851
0.940005, 0.34116

0.758191, 0.35965
0.939642, 0.34216

0.759765, 0.360449
0.939277, 0.343161

0.761338, 0.361247
0.938911, 0.34416

0.76291, 0.362045
0.938544, 0.34516

0.764481, 0.362841
0.938176, 0.346159

0.766052, 0.363637
0.937807, 0.347158

0.767621, 0.364432
0.937437, 0.348156

0.769189, 0.365227
0.937065, 0.349154

0.770756, 0.366021
0.936693, 0.350151

0.772323, 0.366814
0.93632, 0.351148

0.773888, 0.367606
0.935945, 0.352145

0.775453, 0.368398
0.93557, 0.353141

0.777017, 0.369189
0.935194, 0.354137

0.77858, 0.369979
0.934816, 0.355133

0.780142, 0.370768
0.934437, 0.356128

0.781703, 0.371557
0.934058, 0.357122

0.783264, 0.372345
0.933677, 0.358117

0.784824, 0.373133
0.933295, 0.35911

0.786383, 0.37392
0.932912, 0.360104

0.787942, 0.374706
0.932528, 0.361097

0.789499, 0.375491
0.932143, 0.36209

0.791057, 0.376276
0.931757, 0.363082

0.792613, 0.37706
0.93137, 0.364074

0.794169, 0.377843
0.930982, 0.365065

0.795724, 0.378625
0.930593, 0.366056

0.797279, 0.379407
0.930203, 0.367047

0.798833, 0.380189
0.929811, 0.368037

0.800387, 0.380969
0.929419, 0.369027

0.80194, 0.381749
0.929025, 0.370016

0.803493, 0.382528
0.928631, 0.371005

0.805046, 0.383306
0.928235, 0.371993

0.806598, 0.384084
0.927839, 0.372981

0.808149, 0.384861
0.927441, 0.373969

0.809701, 0.385638
0.927043, 0.374956

0.811252, 0.386413
0.926643, 0.375943

0.812803, 0.387188
0.926242, 0.376929

0.814353, 0.387963
0.92584, 0.377915

0.815904, 0.388736
0.925437, 0.378901

0.817454, 0.389509
0.925033, 0.379886

0.819005, 0.390281
0.924628, 0.38087

0.820555, 0.391053
0.924222, 0.381855

0.822106, 0.391824
0.923815, 0.382838

0.823656, 0.392594
0.923407, 0.383822

0.825207, 0.393363
0.922998, 0.384805

0.826758, 0.394132
0.922588, 0.385787

0.828309, 0.3949
0.922177, 0.386769

0.829861, 0.395667
0.921764, 0.387751

0.831412, 0.396434
0.921351, 0.388732

0.832965, 0.3972
0.920936, 0.389713

0.834518, 0.397965
0.920521, 0.390693

0.836072, 0.39873
0.920105, 0.391673

0.837626, 0.399493
0.919687, 0.392652

0.839181, 0.400256
0.919268, 0.393631

0.840738, 0.401019
0.918849, 0.39461

0.842295, 0.40178
0.918428, 0.395588

0.843853, 0.402541
0.918006, 0.396565

0.845413, 0.403301
0.917584, 0.397543

0.846975, 0.40406
0.91716, 0.398519

0.848538, 0.404819
0.916735, 0.399496

0.850102, 0.405576
0.916309, 0.400471

0.851669, 0.406333
0.915882, 0.401447

0.853238, 0.407089
0.915454, 0.402422

0.854809, 0.407845
0.915025, 0.403396

0.856383, 0.408599
0.914595, 0.40437

0.85796, 0.409353
0.914164, 0.405344

0.85954, 0.410106
0.913732, 0.406317

0.861124, 0.410858
0.913299, 0.407289

0.862711, 0.411609
0.912865, 0.408261

0.864303, 0.412359
0.91243, 0.409233

0.8659, 0.413108
0.911994, 0.410204

0.867502, 0.413857
0.911556, 0.411175

0.86911, 0.414604
0.911118, 0.412145

0.870725, 0.415351
0.910679, 0.413115

0.872347, 0.416096
0.910238, 0.414084

0.873978, 0.41684
0.909797, 0.415053

0.875619, 0.417584
0.909355, 0.416022

0.87727, 0.418326
0.908911, 0.41699

0.878935, 0.419067
0.908467, 0.417957

0.880614, 0.419807
0.908021, 0.418924

0.88231, 0.420546
0.907575, 0.419891

0.884027, 0.421284
0.907127, 0.420857

0.885769, 0.422021
0.906679, 0.421822

0.887542, 0.422757
0.906229, 0.422787

0.889353, 0.423493
0.905778, 0.423752

0.891215, 0.424229
0.905327, 0.424716

0.893146, 0.424967
0.904874, 0.42568

0.895178, 0.425712
0.90442, 0.426643

0.897375, 0.426473
0.903965, 0.427605

0.899905, 0.427299
0.90351, 0.428568

0.903607, 0.429217
0.903053, 0.429529

0.902814, 0.434379
0.902595, 0.430491

0.901413, 0.438156
0.902136, 0.431451

0.900039, 0.4416
0.901676, 0.432412

0.898692, 0.444881
0.901215, 0.433371

0.897366, 0.448062
0.900754, 0.434331

0.896055, 0.451174
0.900291, 0.435289

0.894756, 0.454237
0.899827, 0.436248

0.893467, 0.45726
0.899362, 0.437205

0.892186, 0.460252
0.898896, 0.438163

0.890911, 0.463219
0.898429, 0.439119

0.889642, 0.466165
0.897961, 0.440076

0.888378, 0.469092
0.897492, 0.441032

0.887117, 0.472004
0.897022, 0.441987

0.88586, 0.474903
0.89655, 0.442942

0.884606, 0.477789
0.896078, 0.443896

0.883354, 0.480664
0.895605, 0.44485

0.882105, 0.48353
0.895131, 0.445803

0.880857, 0.486387
0.894656, 0.446756

0.879611, 0.489236
0.89418, 0.447708

0.878366, 0.492078
0.893703, 0.44866

0.877123, 0.494913
0.893224, 0.449611

0.87588, 0.497742
0.892745, 0.450562

0.874639, 0.500565
0.892265, 0.451512

0.873398, 0.503383
0.891784, 0.452462

0.872158, 0.506195
0.891302, 0.453411

0.870918, 0.509004
0.890818, 0.45436

0.869679, 0.511807
0.890334, 0.455308

0.86844, 0.514607
0.889849, 0.456255

0.867201, 0.517403
0.889363, 0.457203

0.865963, 0.520195
0.888875, 0.458149

0.864725, 0.522983
0.888387, 0.459095

0.863487, 0.525768
0.887898, 0.460041

0.862249, 0.52855
0.887407, 0.460986

0.861011, 0.531329
0.886916, 0.461931

0.859772, 0.534105
0.886424, 0.462875

0.858534, 0.536878
0.88593, 0.463818

0.857296, 0.539648
0.885436, 0.464761

0.856057, 0.542416
0.884941, 0.465703

0.854819, 0.545181
0.884444, 0.466645

0.85358, 0.547944
0.883947, 0.467587

0.852341, 0.550705
0.883449, 0.468528

0.851101, 0.553463
0.88295, 0.469468

0.849861, 0.556219
0.882449, 0.470408

0.848621, 0.558973
0.881948, 0.471347

0.847381, 0.561725
0.881446, 0.472286

0.84614, 0.564475
0.880942, 0.473224

0.844899, 0.567223
0.880438, 0.474162

0.843657, 0.569969
0.879933, 0.475099

0.842415, 0.572713
0.879426, 0.476035

0.841173, 0.575455
0.878919, 0.476971

0.83993, 0.578196
0.878411, 0.477907

0.838686, 0.580935
0.877901, 0.478842

0.837442, 0.583672
0.877391, 0.479776

0.836198, 0.586407
0.87688, 0.48071

0.834953, 0.589141
0.876367, 0.481643

0.833708, 0.591873
0.875854, 0.482576

0.832462, 0.594604
0.87534, 0.483508

0.831216, 0.597333
0.874824, 0.48444

0.829969, 0.600061
0.874308, 0.485371

0.828721, 0.602787
0.873791, 0.486302

0.827473, 0.605512
0.873273, 0.487232

0.826225, 0.608235
0.872753, 0.488161

0.824976, 0.610957
0.872233, 0.48909

0.823726, 0.613678
0.871712, 0.490019

0.822476, 0.616397
0.87119, 0.490946

0.821225, 0.619114
0.870667, 0.491874

0.819974, 0.621831
0.870142, 0.4928

0.818722, 0.624546
0.869617, 0.493727

0.817469, 0.62726
0.869091, 0.494652

0.816216, 0.629973
0.868564, 0.495577

0.814962, 0.632684
0.868036, 0.496502

0.813708, 0.635394
0.867507, 0.497425

0.812453, 0.638103
0.866977, 0.498349

0.811198, 0.64081
0.866446, 0.499272

0.809941, 0.643517
0.865913, 0.500194

0.808685, 0.646222
0.86538, 0.501115

0.807427, 0.648926
0.864846, 0.502036

0.806169, 0.651629
0.864311, 0.502957

0.804911, 0.654331
0.863775, 0.503877

0.803652, 0.657031
0.863239, 0.504796

0.802392, 0.659731
0.862701, 0.505715

0.801131, 0.662429
0.862162, 0.506633

